18   98   0.00142811287890758   0.0001516   1.102048   -1.1018964   1.1018964
23   27   0.00815972936711365   0.0572435666666667   4.25366643333333   -4.19642286666667   4.19642286666667
45   46   0.00608234849868573   -58.1065400666667   -56.0021587   -2.10438136666667   2.10438136666667
51   319   0.000485659580927736   -10.3571524333333   -5.9013483   -4.45580413333333   4.45580413333333
68   143   0.00123231118989464   -0.2785755   0.982124566666667   -1.26070006666667   1.26070006666667
107   169   0.000486852324445032   4.64868043333333   10.4188605333333   -5.7701801   5.7701801
107   175   0.00938845312935081   -115.228059166667   -71.3552638666667   -43.8727953   43.8727953
114   165   6.25992353262161e-08   1.3908647   3.1671426   -1.7762779   1.7762779
115   165   5.89167189026503e-07   -2.46387416666667   -0.841484533333333   -1.62238963333333   1.62238963333333
118   164   7.53470865200019e-10   -1.83274183333333   -0.507515133333333   -1.3252267   1.3252267
118   165   9.5871239917878e-08   -0.5179334   1.34045336666667   -1.85838676666667   1.85838676666667
119   123   0.00472918413395414   -44.2875764333333   -40.2133127333333   -4.0742637   4.0742637
122   160   2.08299231494032e-06   -4.11455453333333   -0.815115633333333   -3.2994389   3.2994389
122   164   8.26910687794127e-13   -1.76411623333333   0.00135706666666667   -1.7654733   1.7654733
129   133   0.00600854026495719   -16.5452776   -13.3308151   -3.2144625   3.2144625
133   142   0.000446259379915694   0.0181871   1.477174   -1.4589869   1.4589869
133   144   1.22467588666777e-05   0.502785133333333   1.9134296   -1.41064446666667   1.41064446666667
134   140   1.53600102332307e-05   -9.5618752   -3.21139246666667   -6.35048273333333   6.35048273333333
135   140   0.0010216340102262   -21.4317888333333   -5.19888973333333   -16.2328991   16.2328991
135   232   0.00938795003587983   -2.0944762   -0.0805686666666667   -2.01390753333333   2.01390753333333
136   225   0.00736532223341152   -17.3559791   -4.00722016666667   -13.3487589333333   13.3487589333333
137   140   0.000383343785983585   -34.3940936666667   -11.3469156666667   -23.047178   23.047178
139   245   0.00902916478531103   -1.46462396666667   0.00172223333333333   -1.4663462   1.4663462
140   245   0.00550684761408843   -3.43093073333333   0.1840222   -3.61495293333333   3.61495293333333
141   261   0.00577428194529773   -7.74940893333333   -0.939689166666667   -6.80971976666667   6.80971976666667
142   144   0.000302824588533829   -2.82450913333333   -0.483691766666667   -2.34081736666667   2.34081736666667
162   163   0.00570928111210316   -50.5310993666667   -48.1562727   -2.37482666666666   2.37482666666666
162   167   6.66039255285109e-15   -17.0049660333333   -6.22088506666667   -10.7840809666667   10.7840809666667
163   164   5.88640407220737e-15   -71.4359241   -63.1791120333333   -8.25681206666666   8.25681206666666
165   166   2.36791437877713e-05   -57.6388223333333   -51.4167136   -6.22210873333333   6.22210873333333
166   169   0.000516776049143087   -7.29069026666667   -5.00060353333333   -2.29008673333333   2.29008673333333
166   170   3.16625505172367e-05   -24.6245733333333   -19.0673928   -5.55718053333333   5.55718053333333
167   170   8.54766121783936e-05   -7.3312392   -5.17977473333333   -2.15146446666667   2.15146446666667
167   171   3.80277249520164e-05   -17.7847354666667   -13.5020124   -4.28272306666667   4.28272306666667
168   174   0.000201905875910607   -5.81815413333333   -2.92554993333333   -2.8926042   2.8926042
168   199   6.5650323623443e-06   -1.2799562   0.711950966666667   -1.99190716666667   1.99190716666667
173   174   0.00047056802807355   -63.4803772   -51.915073   -11.5653042   11.5653042
175   194   0.00154659664304983   -5.56996276666667   -2.247363   -3.32259976666667   3.32259976666667
176   194   0.00103083705229743   -4.74628076666667   0.0849796   -4.83126036666667   4.83126036666667
185   193   0.00700847245477522   -2.64118843333333   2.27349436666667   -4.9146828   4.9146828
191   193   0.000165663011260023   -1.23467373333333   1.44144446666667   -2.6761182   2.6761182
192   305   0.000377728867027568   -105.294401966667   -46.4177283   -58.8766736666667   58.8766736666667
200   203   5.33121350538439e-06   -7.8565942   -3.56038906666667   -4.29620513333333   4.29620513333333
203   207   1.06618580491053e-06   -37.6532166333333   -23.2727609666667   -14.3804556666667   14.3804556666667
204   207   0.000374725651257085   -5.02340923333333   -3.01433113333333   -2.0090781   2.0090781
220   224   0.00730807070807449   -25.4020011666667   -18.3810614   -7.02093976666666   7.02093976666666
230   261   0.00325413502749176   -2.8183598   -0.00240446666666666   -2.81595533333333   2.81595533333333
230   262   0.00117244231086878   -2.62912493333333   0.0988237666666667   -2.7279487   2.7279487
231   262   0.00046243261466404   -10.4101994333333   -0.732571266666667   -9.67762816666667   9.67762816666667
234   239   0.00195149184107942   -38.3391085666667   -1.60679176666667   -36.7323168   36.7323168
246   260   8.02271695258588e-06   -19.4035890666667   -1.36298883333333   -18.0406002333333   18.0406002333333
247   261   0.0034970711340573   -1.95671133333333   0.0783295666666667   -2.0350409   2.0350409
248   260   0.000842648032510842   -7.60424166666667   -0.225716666666667   -7.378525   7.378525
249   250   7.84267665543028e-08   -64.7344517666667   -46.0395733333333   -18.6948784333333   18.6948784333333
249   261   4.25090025244094e-07   -52.1513652   -18.8855475666667   -33.2658176333333   33.2658176333333
249   263   5.25375711255655e-06   -63.2277511333333   -19.2979911333333   -43.92976   43.92976
249   264   1.99812589211618e-11   -53.5683536333333   -10.9065036   -42.6618500333333   42.6618500333333
249   265   7.13028111066041e-19   -50.8339093   -6.2928578   -44.5410515   44.5410515
249   266   6.71429455726825e-12   -23.470197   -2.36823963333333   -21.1019573666667   21.1019573666667
249   269   3.16611814699423e-11   -49.1187598333333   -0.627366433333333   -48.4913934   48.4913934
255   257   0.0015514653333686   -0.0774185666666667   3.13440393333333   -3.2118225   3.2118225
257   258   0.00187616861716746   -35.0862133333333   -25.6797771   -9.40643623333333   9.40643623333333
259   263   0.00111689198964687   -1.273259   0.0683905   -1.3416495   1.3416495
260   268   0.000558572373078653   -37.4303127   0.00268856666666667   -37.4330012666667   37.4330012666667
260   269   0.000967679971690021   -22.1221146666667   0.2262778   -22.3483924666667   22.3483924666667
265   266   0.000133791912531118   -60.8344856   -48.8957045   -11.9387811   11.9387811
278   322   4.25705609701443e-05   -1.76364076666667   -0.753173766666667   -1.010467   1.010467
282   318   5.30746424966744e-05   -0.910370533333333   2.9360748   -3.84644533333333   3.84644533333333
292   296   0.00133334379525367   -21.3668637   -17.1121473666667   -4.25471633333333   4.25471633333333
296   301   0.00587795354638088   -16.2758139333333   -6.5060269   -9.76978703333334   9.76978703333334
296   302   0.00159231627439999   -8.06026246666667   -1.97058253333333   -6.08967993333333   6.08967993333333
296   303   0.000171705442781666   -13.2753990666667   -4.36106913333333   -8.91432993333333   8.91432993333333
306   310   0.0041057175811374   -15.239775   -11.0464123333333   -4.19336266666667   4.19336266666667
307   311   0.00661510075914279   -16.7454681   -12.748137   -3.9973311   3.9973311
308   312   0.00395354097499251   -15.3059761333333   -8.2517274   -7.05424873333333   7.05424873333333
314   317   0.00147875435862524   -8.9992497   -5.99169666666667   -3.00755303333333   3.00755303333333
317   321   0.00157434555806934   -12.0183942333333   -6.51890306666667   -5.49949116666667   5.49949116666667
318   322   0.000744449123774188   -13.7925396666667   -4.74798346666667   -9.0445562   9.0445562
320   324   0.000211141499490818   -6.143409   -3.35598303333333   -2.78742596666667   2.78742596666667
