3   4   0.000687027284668921   -42.1573694   -46.3199661   4.1625967   4.1625967
15   103   0.00889513123191297   -0.000748033333333333   -4.97214496666667   4.97139693333333   4.97139693333333
15   186   0.000541595457961006   -0.0482991   -3.98443986666667   3.93614076666667   3.93614076666667
16   186   0.00215874205651398   -0.137353733333333   -4.06091106666667   3.92355733333333   3.92355733333333
16   188   0.000973528936626318   -0.00689166666666667   -5.6564827   5.64959103333333   5.64959103333333
17   20   0.000495278657366426   0.0835244666666667   -1.3056197   1.38914416666667   1.38914416666667
17   187   0.00244377004526824   0.138319966666667   -3.42691406666667   3.56523403333333   3.56523403333333
17   189   0.00164637179994598   0.0319602333333333   -7.61756796666667   7.6495282   7.6495282
18   21   0.00148509933899078   -0.749354933333333   -7.3513083   6.60195336666667   6.60195336666667
18   22   0.00479807259279534   0.0706658   -2.95731076666667   3.02797656666667   3.02797656666667
18   97   0.00110541181760155   0.118865433333333   -1.51688363333333   1.63574906666667   1.63574906666667
18   187   0.00327982472386733   -0.0246527666666667   -5.08308996666667   5.0584372   5.0584372
18   189   0.000878840537530104   0.0278053666666667   -14.6952547333333   14.7230601   14.7230601
19   189   0.000812452098861894   0.00965703333333333   -1.1209024   1.13055943333333   1.13055943333333
22   96   0.00250569136030899   -0.0041995   -6.04487126666667   6.04067176666667   6.04067176666667
24   25   0.000456494541668484   -49.7328277333333   -62.8226226666667   13.0897949333333   13.0897949333333
26   95   3.92812886634353e-06   -2.82109956666667   -13.9652923666667   11.1441928   11.1441928
27   28   8.45211513501883e-07   -50.0559503   -66.9008181333333   16.8448678333333   16.8448678333333
29   32   0.000692257792067933   -12.6484494666667   -16.3147010333333   3.66625156666666   3.66625156666666
54   57   0.00230547103768301   -5.83192713333333   -7.03272263333333   1.2007955   1.2007955
63   334   0.00101588555380832   3.61230016666667   1.48539686666667   2.1269033   2.1269033
67   68   0.000876641798710286   -65.401613   -68.1907657   2.7891527   2.7891527
74   123   0.00151442912551256   -9.50703496666667   -15.7794456666667   6.2724107   6.2724107
79   322   8.76372967562611e-05   -40.8480292666667   -61.8307607333333   20.9827314666667   20.9827314666667
93   97   0.00620360729177192   -17.1993621666667   -21.1766663   3.97730413333333   3.97730413333333
93   192   0.00651930360073957   -7.9372383   -15.4206018333333   7.48336353333333   7.48336353333333
99   189   0.00166264434411322   -15.8948144666667   -21.6620545   5.76724003333333   5.76724003333333
104   108   0.00513542207348108   -14.2446966666667   -18.0916762666667   3.8469796   3.8469796
107   110   0.000458103714257954   -5.30990513333333   -10.2625819   4.95267676666667   4.95267676666667
107   172   0.00545159174457865   -60.3156037333333   -101.784434566667   41.4688308333333   41.4688308333333
110   114   0.00137943585268849   -9.65219316666667   -14.6399022333333   4.98770906666667   4.98770906666667
111   115   1.46846914234254e-05   -13.9617284333333   -18.5600530666667   4.59832463333333   4.59832463333333
111   165   0.000603458033864289   0.1723792   -7.56005966666667   7.73243886666667   7.73243886666667
111   166   0.000268374052912344   -0.3663838   -3.5014164   3.1350326   3.1350326
113   316   0.000746335801071081   -39.3154866333333   -63.1831744333333   23.8676878   23.8676878
114   207   3.74516369109947e-07   -0.3821938   -2.17279226666667   1.79059846666667   1.79059846666667
115   166   1.20591862888298e-13   1.80787633333333   0.5897519   1.21812443333333   1.21812443333333
118   161   0.000917797040784424   -1.3703022   -4.23477966666667   2.86447746666667   2.86447746666667
118   207   5.8578328478531e-13   -3.1910255   -23.3828052666667   20.1917797666667   20.1917797666667
122   157   0.000143590517274068   4.56244073333333   0.945472366666667   3.61696836666667   3.61696836666667
130   142   0.000149921621374826   1.1470809   0.120578233333333   1.02650266666667   1.02650266666667
130   143   1.58448245740147e-07   -9.55164923333333   -51.5779355666667   42.0262863333333   42.0262863333333
130   145   0.00667265314376497   -3.62460876666667   -5.87680386666667   2.2521951   2.2521951
131   268   0.000532782207291238   -7.8354933   -45.2558784666667   37.4203851666667   37.4203851666667
133   136   0.00667689190152506   -4.34889876666667   -6.25191733333333   1.90301856666667   1.90301856666667
137   142   0.000430364374529223   -2.24770243333333   -10.6261058333333   8.3784034   8.3784034
144   145   0.000873790949433158   -64.3965777333333   -69.1693845   4.77280676666666   4.77280676666666
146   150   0.00154989940770031   -16.4885018666667   -19.7600793333333   3.27157746666667   3.27157746666667
160   164   7.45502614369574e-09   -2.09376023333333   -13.6490809333333   11.5553207   11.5553207
161   165   0.00714816890325182   -31.3337570666667   -35.3407054   4.00694833333333   4.00694833333333
162   166   8.67433113295376e-10   -3.9455651   -13.7046249333333   9.75905983333333   9.75905983333333
163   167   1.18973874870035e-05   -3.37557933333333   -7.19462473333333   3.8190454   3.8190454
164   165   0.000134920027055083   -54.1999162333333   -58.7176177333333   4.5177015   4.5177015
164   168   2.18844497266128e-12   0.0303114   -2.98882436666667   3.01913576666667   3.01913576666667
168   171   0.00196893042429737   -4.42811726666667   -6.6839497   2.25583243333333   2.25583243333333
172   175   0.00117110301708516   21.2579522   8.79885156666667   12.4591006333333   12.4591006333333
176   185   0.00238606604163951   -6.5611585   -12.1500310666667   5.58887256666667   5.58887256666667
185   194   0.00670158420518599   -4.63889043333333   -13.4356813666667   8.79679093333333   8.79679093333333
193   305   0.00233419317203323   -0.236010533333333   -7.58322283333333   7.3472123   7.3472123
196   199   0.0012688872316464   -18.7109988666667   -27.599338   8.88833913333333   8.88833913333333
200   204   0.000185450753109413   -28.5876104666667   -37.2279205   8.64031003333334   8.64031003333334
200   293   0.000113233628171082   -1.53758506666667   -3.82794406666667   2.290359   2.290359
202   205   0.000137990258221698   -6.14988086666667   -8.01758343333333   1.86770256666667   1.86770256666667
209   290   0.00501337598798235   -9.8282792   -15.9813422   6.153063   6.153063
217   221   0.0092804347397246   -14.2772648666667   -18.8676902333333   4.59042536666667   4.59042536666667
228   259   0.00956547261546853   -0.178349033333333   -9.9425888   9.76423976666667   9.76423976666667
230   233   0.00438616415279203   0.112723366666667   -2.8858639   2.99858726666667   2.99858726666667
230   234   0.00260203498471193   -0.563281333333333   -6.61970546666667   6.05642413333333   6.05642413333333
231   235   0.00969009589200223   -5.0978076   -11.9887901666667   6.89098256666667   6.89098256666667
232   233   0.00600851019063714   -51.4691169   -59.0080066666667   7.53888976666666   7.53888976666666
232   235   0.00861102326019663   1.62550546666667   -4.0836239   5.70912936666667   5.70912936666667
233   236   0.00187941517305417   -3.37917146666667   -9.30231253333333   5.92314106666667   5.92314106666667
234   235   0.00562642340263019   -52.3578875   -61.7777539666667   9.41986646666666   9.41986646666666
235   237   0.00917895294244837   1.62412716666667   -0.621648433333333   2.2457756   2.2457756
235   238   0.00691734134400077   -0.515660733333333   -3.40694426666667   2.89128353333333   2.89128353333333
237   238   0.002436125604474   -53.5576700333333   -64.5966570666667   11.0389870333333   11.0389870333333
238   258   0.00148321274863767   -0.159325766666667   -3.5784933   3.41916753333333   3.41916753333333
238   260   0.00167827963091307   -0.0412996333333333   -1.409275   1.36797536666667   1.36797536666667
239   258   0.00189627664896583   0.1436232   -4.06119246666667   4.20481566666667   4.20481566666667
239   259   0.00690509515589042   3.2777264   -1.8757768   5.1535032   5.1535032
244   247   0.00705056681404131   0.274877966666667   -3.03511556666667   3.30999353333333   3.30999353333333
245   248   0.0029407427392112   0.303671933333333   -0.8326028   1.13627473333333   1.13627473333333
245   260   0.00546573893952905   2.1919012   -1.11011213333333   3.30201333333333   3.30201333333333
248   249   3.95348859532713e-07   -30.6829057666667   -45.8879968   15.2050910333333   15.2050910333333
248   250   0.000396372000352346   2.93149276666667   -2.8706673   5.80216006666667   5.80216006666667
249   253   0.00610725520520134   -0.125610433333333   -39.1111404666667   38.9855300333333   38.9855300333333
249   260   2.7287519137665e-05   -16.2239762   -89.4959268   73.2719506   73.2719506
251   260   0.00676781361837332   -0.119240566666667   -35.6369569666667   35.5177164   35.5177164
258   259   0.00504737899068178   -46.7357031   -55.3148603   8.5791572   8.5791572
259   260   1.96047708439255e-05   -31.6999471333333   -55.3231682666667   23.6232211333333   23.6232211333333
260   266   0.00778241793281621   1.89825146666667   0.649102866666667   1.2491486   1.2491486
261   262   0.00620161011157007   -37.8125695   -47.2444811   9.4319116   9.4319116
261   264   0.00182230114919275   3.0677263   -1.7508982   4.8186245   4.8186245
263   265   8.56489533406198e-05   2.7338348   -0.207105033333333   2.94093983333333   2.94093983333333
263   269   0.000299507566815669   1.617764   -0.407381066666667   2.02514506666667   2.02514506666667
264   269   5.47599036061672e-07   5.59065053333333   -0.0190848333333333   5.60973536666667   5.60973536666667
265   269   4.21413941153711e-05   4.3207607   -3.69245696666667   8.01321766666667   8.01321766666667
267   271   0.00812688114837496   -9.92036513333333   -13.97079   4.05042486666667   4.05042486666667
268   272   0.000995120321867258   -10.1365746666667   -15.4591105   5.32253583333333   5.32253583333333
275   279   0.0080991641028505   -16.6762996   -19.6873873333333   3.01108773333333   3.01108773333333
278   318   0.000916516994569553   1.38325733333333   -0.220956133333333   1.60421346666667   1.60421346666667
283   286   0.00896555560613901   -5.9607309   -7.46009083333333   1.49935993333333   1.49935993333333
289   312   0.00694766521240314   -1.88245616666667   -3.29404356666667   1.4115874   1.4115874
295   298   0.000325809786500712   -6.86584343333333   -9.77109656666667   2.90525313333333   2.90525313333333
298   300   0.00242545196658971   2.34620326666667   -0.611541933333333   2.9577452   2.9577452
299   301   0.00103865464275291   0.0873198333333333   -1.9287801   2.01609993333333   2.01609993333333
299   302   0.006941248125998   -1.51691586666667   -3.47001013333333   1.95309426666667   1.95309426666667
309   310   0.000540975998576534   -55.2777413333333   -58.0731343333333   2.795393   2.795393
313   317   2.98868695535227e-06   -7.22290396666667   -14.3769983333333   7.15409436666667   7.15409436666667
314   318   0.000865475158170457   -5.10214756666667   -9.14777046666667   4.0456229   4.0456229
318   321   0.00223135762305237   -8.34639623333333   -12.0857262666667   3.73933003333333   3.73933003333333
327   333   0.00436436937324022   -10.9646661666667   -18.6929273333333   7.72826116666667   7.72826116666667
