3   4   0.000687027284668921   -42.1573694   -46.3199661   4.1625967   4.1625967
15   103   0.00889513123191297   -0.000748033333333333   -4.97214496666667   4.97139693333333   4.97139693333333
15   186   0.000541595457961006   -0.0482991   -3.98443986666667   3.93614076666667   3.93614076666667
16   186   0.00215874205651398   -0.137353733333333   -4.06091106666667   3.92355733333333   3.92355733333333
16   188   0.000973528936626318   -0.00689166666666667   -5.6564827   5.64959103333333   5.64959103333333
17   20   0.000495278657366426   0.0835244666666667   -1.3056197   1.38914416666667   1.38914416666667
17   187   0.00244377004526824   0.138319966666667   -3.42691406666667   3.56523403333333   3.56523403333333
17   189   0.00164637179994598   0.0319602333333333   -7.61756796666667   7.6495282   7.6495282
18   21   0.00148509933899078   -0.749354933333333   -7.3513083   6.60195336666667   6.60195336666667
18   22   0.00479807259279534   0.0706658   -2.95731076666667   3.02797656666667   3.02797656666667
18   97   0.00110541181760155   0.118865433333333   -1.51688363333333   1.63574906666667   1.63574906666667
18   98   0.00142811287890758   0.0001516   1.102048   -1.1018964   1.1018964
18   187   0.00327982472386733   -0.0246527666666667   -5.08308996666667   5.0584372   5.0584372
18   189   0.000878840537530104   0.0278053666666667   -14.6952547333333   14.7230601   14.7230601
19   189   0.000812452098861894   0.00965703333333333   -1.1209024   1.13055943333333   1.13055943333333
22   96   0.00250569136030899   -0.0041995   -6.04487126666667   6.04067176666667   6.04067176666667
23   27   0.00815972936711365   0.0572435666666667   4.25366643333333   -4.19642286666667   4.19642286666667
24   25   0.000456494541668484   -49.7328277333333   -62.8226226666667   13.0897949333333   13.0897949333333
26   95   3.92812886634353e-06   -2.82109956666667   -13.9652923666667   11.1441928   11.1441928
27   28   8.45211513501883e-07   -50.0559503   -66.9008181333333   16.8448678333333   16.8448678333333
29   32   0.000692257792067933   -12.6484494666667   -16.3147010333333   3.66625156666666   3.66625156666666
45   46   0.00608234849868573   -58.1065400666667   -56.0021587   -2.10438136666667   2.10438136666667
51   319   0.000485659580927736   -10.3571524333333   -5.9013483   -4.45580413333333   4.45580413333333
54   57   0.00230547103768301   -5.83192713333333   -7.03272263333333   1.2007955   1.2007955
63   334   0.00101588555380832   3.61230016666667   1.48539686666667   2.1269033   2.1269033
67   68   0.000876641798710286   -65.401613   -68.1907657   2.7891527   2.7891527
68   143   0.00123231118989464   -0.2785755   0.982124566666667   -1.26070006666667   1.26070006666667
74   123   0.00151442912551256   -9.50703496666667   -15.7794456666667   6.2724107   6.2724107
79   322   8.76372967562611e-05   -40.8480292666667   -61.8307607333333   20.9827314666667   20.9827314666667
93   97   0.00620360729177192   -17.1993621666667   -21.1766663   3.97730413333333   3.97730413333333
93   192   0.00651930360073957   -7.9372383   -15.4206018333333   7.48336353333333   7.48336353333333
99   189   0.00166264434411322   -15.8948144666667   -21.6620545   5.76724003333333   5.76724003333333
104   108   0.00513542207348108   -14.2446966666667   -18.0916762666667   3.8469796   3.8469796
107   110   0.000458103714257954   -5.30990513333333   -10.2625819   4.95267676666667   4.95267676666667
107   169   0.000486852324445032   4.64868043333333   10.4188605333333   -5.7701801   5.7701801
107   172   0.00545159174457865   -60.3156037333333   -101.784434566667   41.4688308333333   41.4688308333333
107   175   0.00938845312935081   -115.228059166667   -71.3552638666667   -43.8727953   43.8727953
110   114   0.00137943585268849   -9.65219316666667   -14.6399022333333   4.98770906666667   4.98770906666667
111   115   1.46846914234254e-05   -13.9617284333333   -18.5600530666667   4.59832463333333   4.59832463333333
111   165   0.000603458033864289   0.1723792   -7.56005966666667   7.73243886666667   7.73243886666667
111   166   0.000268374052912344   -0.3663838   -3.5014164   3.1350326   3.1350326
113   316   0.000746335801071081   -39.3154866333333   -63.1831744333333   23.8676878   23.8676878
114   165   6.25992353262161e-08   1.3908647   3.1671426   -1.7762779   1.7762779
114   207   3.74516369109947e-07   -0.3821938   -2.17279226666667   1.79059846666667   1.79059846666667
115   165   5.89167189026503e-07   -2.46387416666667   -0.841484533333333   -1.62238963333333   1.62238963333333
115   166   1.20591862888298e-13   1.80787633333333   0.5897519   1.21812443333333   1.21812443333333
118   161   0.000917797040784424   -1.3703022   -4.23477966666667   2.86447746666667   2.86447746666667
118   164   7.53470865200019e-10   -1.83274183333333   -0.507515133333333   -1.3252267   1.3252267
118   165   9.5871239917878e-08   -0.5179334   1.34045336666667   -1.85838676666667   1.85838676666667
118   207   5.8578328478531e-13   -3.1910255   -23.3828052666667   20.1917797666667   20.1917797666667
119   123   0.00472918413395414   -44.2875764333333   -40.2133127333333   -4.0742637   4.0742637
122   157   0.000143590517274068   4.56244073333333   0.945472366666667   3.61696836666667   3.61696836666667
122   160   2.08299231494032e-06   -4.11455453333333   -0.815115633333333   -3.2994389   3.2994389
122   164   8.26910687794127e-13   -1.76411623333333   0.00135706666666667   -1.7654733   1.7654733
129   133   0.00600854026495719   -16.5452776   -13.3308151   -3.2144625   3.2144625
130   142   0.000149921621374826   1.1470809   0.120578233333333   1.02650266666667   1.02650266666667
130   143   1.58448245740147e-07   -9.55164923333333   -51.5779355666667   42.0262863333333   42.0262863333333
130   145   0.00667265314376497   -3.62460876666667   -5.87680386666667   2.2521951   2.2521951
131   268   0.000532782207291238   -7.8354933   -45.2558784666667   37.4203851666667   37.4203851666667
133   136   0.00667689190152506   -4.34889876666667   -6.25191733333333   1.90301856666667   1.90301856666667
133   142   0.000446259379915694   0.0181871   1.477174   -1.4589869   1.4589869
133   144   1.22467588666777e-05   0.502785133333333   1.9134296   -1.41064446666667   1.41064446666667
134   140   1.53600102332307e-05   -9.5618752   -3.21139246666667   -6.35048273333333   6.35048273333333
135   140   0.0010216340102262   -21.4317888333333   -5.19888973333333   -16.2328991   16.2328991
135   232   0.00938795003587983   -2.0944762   -0.0805686666666667   -2.01390753333333   2.01390753333333
136   225   0.00736532223341152   -17.3559791   -4.00722016666667   -13.3487589333333   13.3487589333333
137   140   0.000383343785983585   -34.3940936666667   -11.3469156666667   -23.047178   23.047178
137   142   0.000430364374529223   -2.24770243333333   -10.6261058333333   8.3784034   8.3784034
139   245   0.00902916478531103   -1.46462396666667   0.00172223333333333   -1.4663462   1.4663462
140   245   0.00550684761408843   -3.43093073333333   0.1840222   -3.61495293333333   3.61495293333333
141   261   0.00577428194529773   -7.74940893333333   -0.939689166666667   -6.80971976666667   6.80971976666667
142   144   0.000302824588533829   -2.82450913333333   -0.483691766666667   -2.34081736666667   2.34081736666667
144   145   0.000873790949433158   -64.3965777333333   -69.1693845   4.77280676666666   4.77280676666666
146   150   0.00154989940770031   -16.4885018666667   -19.7600793333333   3.27157746666667   3.27157746666667
160   164   7.45502614369574e-09   -2.09376023333333   -13.6490809333333   11.5553207   11.5553207
161   165   0.00714816890325182   -31.3337570666667   -35.3407054   4.00694833333333   4.00694833333333
162   163   0.00570928111210316   -50.5310993666667   -48.1562727   -2.37482666666666   2.37482666666666
162   166   8.67433113295376e-10   -3.9455651   -13.7046249333333   9.75905983333333   9.75905983333333
162   167   6.66039255285109e-15   -17.0049660333333   -6.22088506666667   -10.7840809666667   10.7840809666667
163   164   5.88640407220737e-15   -71.4359241   -63.1791120333333   -8.25681206666666   8.25681206666666
163   167   1.18973874870035e-05   -3.37557933333333   -7.19462473333333   3.8190454   3.8190454
164   165   0.000134920027055083   -54.1999162333333   -58.7176177333333   4.5177015   4.5177015
164   168   2.18844497266128e-12   0.0303114   -2.98882436666667   3.01913576666667   3.01913576666667
165   166   2.36791437877713e-05   -57.6388223333333   -51.4167136   -6.22210873333333   6.22210873333333
166   169   0.000516776049143087   -7.29069026666667   -5.00060353333333   -2.29008673333333   2.29008673333333
166   170   3.16625505172367e-05   -24.6245733333333   -19.0673928   -5.55718053333333   5.55718053333333
167   170   8.54766121783936e-05   -7.3312392   -5.17977473333333   -2.15146446666667   2.15146446666667
167   171   3.80277249520164e-05   -17.7847354666667   -13.5020124   -4.28272306666667   4.28272306666667
168   171   0.00196893042429737   -4.42811726666667   -6.6839497   2.25583243333333   2.25583243333333
168   174   0.000201905875910607   -5.81815413333333   -2.92554993333333   -2.8926042   2.8926042
168   199   6.5650323623443e-06   -1.2799562   0.711950966666667   -1.99190716666667   1.99190716666667
172   175   0.00117110301708516   21.2579522   8.79885156666667   12.4591006333333   12.4591006333333
173   174   0.00047056802807355   -63.4803772   -51.915073   -11.5653042   11.5653042
175   194   0.00154659664304983   -5.56996276666667   -2.247363   -3.32259976666667   3.32259976666667
176   185   0.00238606604163951   -6.5611585   -12.1500310666667   5.58887256666667   5.58887256666667
176   194   0.00103083705229743   -4.74628076666667   0.0849796   -4.83126036666667   4.83126036666667
185   193   0.00700847245477522   -2.64118843333333   2.27349436666667   -4.9146828   4.9146828
185   194   0.00670158420518599   -4.63889043333333   -13.4356813666667   8.79679093333333   8.79679093333333
191   193   0.000165663011260023   -1.23467373333333   1.44144446666667   -2.6761182   2.6761182
192   305   0.000377728867027568   -105.294401966667   -46.4177283   -58.8766736666667   58.8766736666667
193   305   0.00233419317203323   -0.236010533333333   -7.58322283333333   7.3472123   7.3472123
196   199   0.0012688872316464   -18.7109988666667   -27.599338   8.88833913333333   8.88833913333333
200   203   5.33121350538439e-06   -7.8565942   -3.56038906666667   -4.29620513333333   4.29620513333333
200   204   0.000185450753109413   -28.5876104666667   -37.2279205   8.64031003333334   8.64031003333334
200   293   0.000113233628171082   -1.53758506666667   -3.82794406666667   2.290359   2.290359
202   205   0.000137990258221698   -6.14988086666667   -8.01758343333333   1.86770256666667   1.86770256666667
203   207   1.06618580491053e-06   -37.6532166333333   -23.2727609666667   -14.3804556666667   14.3804556666667
204   207   0.000374725651257085   -5.02340923333333   -3.01433113333333   -2.0090781   2.0090781
209   290   0.00501337598798235   -9.8282792   -15.9813422   6.153063   6.153063
217   221   0.0092804347397246   -14.2772648666667   -18.8676902333333   4.59042536666667   4.59042536666667
220   224   0.00730807070807449   -25.4020011666667   -18.3810614   -7.02093976666666   7.02093976666666
228   259   0.00956547261546853   -0.178349033333333   -9.9425888   9.76423976666667   9.76423976666667
230   233   0.00438616415279203   0.112723366666667   -2.8858639   2.99858726666667   2.99858726666667
230   234   0.00260203498471193   -0.563281333333333   -6.61970546666667   6.05642413333333   6.05642413333333
230   261   0.00325413502749176   -2.8183598   -0.00240446666666666   -2.81595533333333   2.81595533333333
230   262   0.00117244231086878   -2.62912493333333   0.0988237666666667   -2.7279487   2.7279487
231   235   0.00969009589200223   -5.0978076   -11.9887901666667   6.89098256666667   6.89098256666667
231   262   0.00046243261466404   -10.4101994333333   -0.732571266666667   -9.67762816666667   9.67762816666667
232   233   0.00600851019063714   -51.4691169   -59.0080066666667   7.53888976666666   7.53888976666666
232   235   0.00861102326019663   1.62550546666667   -4.0836239   5.70912936666667   5.70912936666667
233   236   0.00187941517305417   -3.37917146666667   -9.30231253333333   5.92314106666667   5.92314106666667
234   235   0.00562642340263019   -52.3578875   -61.7777539666667   9.41986646666666   9.41986646666666
234   239   0.00195149184107942   -38.3391085666667   -1.60679176666667   -36.7323168   36.7323168
235   237   0.00917895294244837   1.62412716666667   -0.621648433333333   2.2457756   2.2457756
235   238   0.00691734134400077   -0.515660733333333   -3.40694426666667   2.89128353333333   2.89128353333333
237   238   0.002436125604474   -53.5576700333333   -64.5966570666667   11.0389870333333   11.0389870333333
238   258   0.00148321274863767   -0.159325766666667   -3.5784933   3.41916753333333   3.41916753333333
238   260   0.00167827963091307   -0.0412996333333333   -1.409275   1.36797536666667   1.36797536666667
239   258   0.00189627664896583   0.1436232   -4.06119246666667   4.20481566666667   4.20481566666667
239   259   0.00690509515589042   3.2777264   -1.8757768   5.1535032   5.1535032
244   247   0.00705056681404131   0.274877966666667   -3.03511556666667   3.30999353333333   3.30999353333333
245   248   0.0029407427392112   0.303671933333333   -0.8326028   1.13627473333333   1.13627473333333
245   260   0.00546573893952905   2.1919012   -1.11011213333333   3.30201333333333   3.30201333333333
246   260   8.02271695258588e-06   -19.4035890666667   -1.36298883333333   -18.0406002333333   18.0406002333333
247   261   0.0034970711340573   -1.95671133333333   0.0783295666666667   -2.0350409   2.0350409
248   249   3.95348859532713e-07   -30.6829057666667   -45.8879968   15.2050910333333   15.2050910333333
248   250   0.000396372000352346   2.93149276666667   -2.8706673   5.80216006666667   5.80216006666667
248   260   0.000842648032510842   -7.60424166666667   -0.225716666666667   -7.378525   7.378525
249   250   7.84267665543028e-08   -64.7344517666667   -46.0395733333333   -18.6948784333333   18.6948784333333
249   253   0.00610725520520134   -0.125610433333333   -39.1111404666667   38.9855300333333   38.9855300333333
249   260   2.7287519137665e-05   -16.2239762   -89.4959268   73.2719506   73.2719506
249   261   4.25090025244094e-07   -52.1513652   -18.8855475666667   -33.2658176333333   33.2658176333333
249   263   5.25375711255655e-06   -63.2277511333333   -19.2979911333333   -43.92976   43.92976
249   264   1.99812589211618e-11   -53.5683536333333   -10.9065036   -42.6618500333333   42.6618500333333
249   265   7.13028111066041e-19   -50.8339093   -6.2928578   -44.5410515   44.5410515
249   266   6.71429455726825e-12   -23.470197   -2.36823963333333   -21.1019573666667   21.1019573666667
249   269   3.16611814699423e-11   -49.1187598333333   -0.627366433333333   -48.4913934   48.4913934
251   260   0.00676781361837332   -0.119240566666667   -35.6369569666667   35.5177164   35.5177164
255   257   0.0015514653333686   -0.0774185666666667   3.13440393333333   -3.2118225   3.2118225
257   258   0.00187616861716746   -35.0862133333333   -25.6797771   -9.40643623333333   9.40643623333333
258   259   0.00504737899068178   -46.7357031   -55.3148603   8.5791572   8.5791572
259   260   1.96047708439255e-05   -31.6999471333333   -55.3231682666667   23.6232211333333   23.6232211333333
259   263   0.00111689198964687   -1.273259   0.0683905   -1.3416495   1.3416495
260   266   0.00778241793281621   1.89825146666667   0.649102866666667   1.2491486   1.2491486
260   268   0.000558572373078653   -37.4303127   0.00268856666666667   -37.4330012666667   37.4330012666667
260   269   0.000967679971690021   -22.1221146666667   0.2262778   -22.3483924666667   22.3483924666667
261   262   0.00620161011157007   -37.8125695   -47.2444811   9.4319116   9.4319116
261   264   0.00182230114919275   3.0677263   -1.7508982   4.8186245   4.8186245
263   265   8.56489533406198e-05   2.7338348   -0.207105033333333   2.94093983333333   2.94093983333333
263   269   0.000299507566815669   1.617764   -0.407381066666667   2.02514506666667   2.02514506666667
264   269   5.47599036061672e-07   5.59065053333333   -0.0190848333333333   5.60973536666667   5.60973536666667
265   266   0.000133791912531118   -60.8344856   -48.8957045   -11.9387811   11.9387811
265   269   4.21413941153711e-05   4.3207607   -3.69245696666667   8.01321766666667   8.01321766666667
267   271   0.00812688114837496   -9.92036513333333   -13.97079   4.05042486666667   4.05042486666667
268   272   0.000995120321867258   -10.1365746666667   -15.4591105   5.32253583333333   5.32253583333333
275   279   0.0080991641028505   -16.6762996   -19.6873873333333   3.01108773333333   3.01108773333333
278   318   0.000916516994569553   1.38325733333333   -0.220956133333333   1.60421346666667   1.60421346666667
278   322   4.25705609701443e-05   -1.76364076666667   -0.753173766666667   -1.010467   1.010467
282   318   5.30746424966744e-05   -0.910370533333333   2.9360748   -3.84644533333333   3.84644533333333
283   286   0.00896555560613901   -5.9607309   -7.46009083333333   1.49935993333333   1.49935993333333
289   312   0.00694766521240314   -1.88245616666667   -3.29404356666667   1.4115874   1.4115874
292   296   0.00133334379525367   -21.3668637   -17.1121473666667   -4.25471633333333   4.25471633333333
295   298   0.000325809786500712   -6.86584343333333   -9.77109656666667   2.90525313333333   2.90525313333333
296   301   0.00587795354638088   -16.2758139333333   -6.5060269   -9.76978703333334   9.76978703333334
296   302   0.00159231627439999   -8.06026246666667   -1.97058253333333   -6.08967993333333   6.08967993333333
296   303   0.000171705442781666   -13.2753990666667   -4.36106913333333   -8.91432993333333   8.91432993333333
298   300   0.00242545196658971   2.34620326666667   -0.611541933333333   2.9577452   2.9577452
299   301   0.00103865464275291   0.0873198333333333   -1.9287801   2.01609993333333   2.01609993333333
299   302   0.006941248125998   -1.51691586666667   -3.47001013333333   1.95309426666667   1.95309426666667
306   310   0.0041057175811374   -15.239775   -11.0464123333333   -4.19336266666667   4.19336266666667
307   311   0.00661510075914279   -16.7454681   -12.748137   -3.9973311   3.9973311
308   312   0.00395354097499251   -15.3059761333333   -8.2517274   -7.05424873333333   7.05424873333333
309   310   0.000540975998576534   -55.2777413333333   -58.0731343333333   2.795393   2.795393
313   317   2.98868695535227e-06   -7.22290396666667   -14.3769983333333   7.15409436666667   7.15409436666667
314   317   0.00147875435862524   -8.9992497   -5.99169666666667   -3.00755303333333   3.00755303333333
314   318   0.000865475158170457   -5.10214756666667   -9.14777046666667   4.0456229   4.0456229
317   321   0.00157434555806934   -12.0183942333333   -6.51890306666667   -5.49949116666667   5.49949116666667
318   321   0.00223135762305237   -8.34639623333333   -12.0857262666667   3.73933003333333   3.73933003333333
318   322   0.000744449123774188   -13.7925396666667   -4.74798346666667   -9.0445562   9.0445562
320   324   0.000211141499490818   -6.143409   -3.35598303333333   -2.78742596666667   2.78742596666667
327   333   0.00436436937324022   -10.9646661666667   -18.6929273333333   7.72826116666667   7.72826116666667
